 1948 2024
 1948 0.660 0.000 1.000 1.860 1.300 2.510 1.630 0.550 -0.480 -0.240 0.720 -0.930
 1949 -0.200 -0.470 -1.130 -1.220 -1.880 -1.550 -0.190 0.770 0.890 0.800 0.160 0.460
 1950 0.530 -1.070 -1.260 0.720 1.050 0.280 0.210 1.210 1.260 1.270 1.870 3.030
 1951 2.140 0.940 2.290 3.630 3.700 3.850 2.870 0.980 -0.040 -0.970 -1.190 -2.020
 1952 -2.890 -1.440 0.920 1.130 2.090 3.270 2.360 2.040 2.240 2.080 2.250 3.630
 1953 3.160 2.800 1.320 2.120 2.340 1.450 1.450 1.520 1.520 0.350 0.690 0.820
 1954 0.970 0.820 -0.170 -0.440 1.680 1.200 0.390 -0.860 -1.250 -1.690 -1.600 -1.070
 1955 0.630 1.620 1.030 1.950 1.610 2.140 2.700 3.050 2.930 3.550 4.250 4.570
 1956 4.380 3.560 2.500 2.020 0.160 -1.400 -0.470 -0.250 -0.670 0.050 0.390 0.740
 1957 -1.030 -2.240 -1.540 -2.320 -1.400 -0.440 0.050 1.000 1.340 1.620 0.560 0.100
 1958 1.410 4.020 7.130 8.230 7.870 7.320 5.030 3.870 3.660 1.950 1.510 1.030
 1959 1.870 1.810 -0.370 -1.040 -0.810 -0.870 -0.340 -0.450 -0.240 -0.710 -0.740 -0.860
 1960 0.260 1.650 1.440 2.000 2.440 2.540 1.650 1.080 0.520 0.170 0.250 -0.290
 1961 -0.160 -0.330 0.410 1.790 2.110 0.740 1.150 1.270 0.180 -0.540 -0.210 1.510
 1962 1.960 1.960 3.260 3.150 2.820 1.300 2.440 1.560 0.980 0.410 1.420 2.910
 1963 3.150 3.070 1.420 1.760 -0.210 -1.120 -1.140 -2.040 -3.190 -2.340 -2.210 -2.960
 1964 -1.590 0.210 0.740 0.170 1.500 1.340 0.250 0.090 0.340 0.280 0.950 1.080
 1965 -0.620 -1.260 -1.020 -1.400 -1.840 -2.260 -1.510 -2.350 -2.660 -2.640 -2.320 -1.350
 1966 -0.350 2.120 3.010 3.300 2.260 0.820 0.390 0.300 0.450 0.110 0.330 0.090
 1967 0.840 0.100 0.200 1.300 0.840 0.010 0.430 0.080 0.180 -0.430 -1.820 -2.170
 1968 -0.990 0.680 0.670 -0.070 -0.140 -1.450 -1.790 -1.900 -1.620 -1.440 -1.130 -0.680
 1969 1.110 2.860 5.190 3.830 3.170 1.890 1.610 0.540 -0.260 -0.520 0.520 1.880
 1970 3.810 4.200 5.330 4.120 3.580 2.480 1.200 0.860 -0.020 0.310 0.510 0.970
 1971 0.730 -0.170 -1.000 -2.610 -3.560 -3.800 -1.960 -2.470 -1.560 -0.260 0.730 -0.440
 1972 -1.630 -2.150 -3.120 -3.040 -3.320 -4.310 -4.770 -4.910 -4.750 -4.500 -4.930 -6.820
 1973 -6.530 -5.690 -4.970 -3.620 -2.540 -2.470 -2.150 -2.060 -2.020 -2.400 -1.910 -1.170
 1974 -1.490 -2.910 -4.810 -6.310 -6.220 -4.900 -3.890 -3.660 -3.900 -3.460 -4.120 -3.910
 1975 -2.140 -2.400 -3.010 -2.420 -3.160 -2.900 -1.170 -0.550 -1.130 -1.350 -1.670 -0.620
 1976 -0.020 -1.100 -2.740 -2.430 -2.810 -2.120 0.020 1.560 1.400 0.820 -0.660 -2.150
 1977 -1.980 -1.570 -0.830 -0.310 -0.080 0.030 -0.850 -1.730 -2.020 -2.410 -2.400 -1.950
 1978 0.230 2.000 3.200 3.800 2.050 -0.390 -1.320 -0.540 0.170 0.510 0.050 -1.090
 1979 1.150 2.500 2.370 2.160 2.420 1.960 1.160 -0.420 -0.890 -0.260 0.080 0.890
 1980 2.990 3.350 3.010 4.190 5.100 3.640 1.530 1.730 0.890 0.220 0.680 0.750
 1981 1.720 2.780 5.090 4.030 3.680 2.190 1.410 0.320 0.020 -0.900 -0.170 1.910
 1982 0.370 -0.220 -0.450 -0.680 0.310 -0.300 -0.920 -0.750 -2.210 -3.120 -4.180 -5.890
 1983 -5.870 -3.180 1.560 2.410 1.110 1.250 0.670 -0.980 -1.120 -0.400 0.420 0.520
 1984 -1.620 -2.970 -3.430 -2.760 -1.770 -2.650 -3.170 -3.570 -3.430 -3.140 -3.120 -2.680
 1985 -3.040 -2.710 -3.920 -3.900 -4.940 -0.620 0.120 -0.260 -0.390 -1.100 -0.230 -1.880
 1986 -3.850 -4.400 -4.390 -5.200 -4.420 -4.370 -3.020 -2.750 -1.680 -2.340 -3.410 -5.950
 1987 -3.660 -2.740 0.180 0.930 0.570 2.340 0.220 0.780 0.380 0.580 -0.680 1.100
 1988 -1.360 -2.510 -0.660 1.390 0.480 1.710 1.740 0.470 0.200 -0.280 0.080 -0.210
 1989 -2.600 -2.840 -4.840 -5.790 -4.450 0.350 2.140 2.680 0.520 0.540 -0.240 1.630
 1990 -0.180 -1.270 -1.600 -0.800 0.610 -0.300 0.910 2.100 2.080 1.350 0.830 -0.540
 1991 -1.290 -1.190 -2.060 -3.570 -4.430 -5.030 -4.120 -2.150 0.380 -1.310 -1.220 -2.190
 1992 -1.470 -0.980 -0.750 -1.210 -0.340 0.020 0.680 0.080 -0.020 0.060 -0.710 -1.340
 1993 -2.260 -2.510 -3.140 -3.260 -2.300 -0.880 -2.550 -2.520 -2.640 -3.220 -5.270 -5.930
 1994 -6.230 -5.470 -5.560 -4.920 -4.820 -3.490 -2.310 -2.240 -1.710 -1.420 -1.700 -2.240
 1995 -1.370 -1.660 -3.490 -1.580 0.760 1.330 2.480 2.990 2.910 3.460 4.660 4.350
 1996 5.710 2.640 0.090 0.020 -0.150 -1.580 -1.270 -0.580 0.530 1.170 1.420 2.320
 1997 4.260 3.320 2.700 2.110 2.520 2.320 0.230 -1.400 -1.160 -0.150 -0.350 -1.440
 1998 -1.550 1.520 2.170 0.740 1.200 1.420 0.850 1.890 1.350 4.110 4.390 3.970
 1999 1.360 -0.300 -2.060 -2.800 -1.870 -0.830 -1.100 0.940 2.350 2.200 2.290 3.660
 2000 1.190 -0.380 0.310 -1.410 -1.990 -2.300 -1.050 -0.380 -0.120 0.150 0.390 0.240
 2001 0.400 -0.060 0.150 -1.450 -2.080 -0.640 0.410 0.410 2.930 3.310 5.030 5.540
 2002 6.050 4.300 2.140 -2.380 -4.390 -4.430 -3.560 -1.990 -0.730 1.140 0.910 -0.450
 2003 0.130 -1.600 -3.100 -1.790 -1.510 -0.110 -0.160 1.370 2.670 3.820 2.170 1.980
 2004 2.870 3.070 2.170 2.720 0.900 1.220 1.820 3.700 2.960 4.100 4.880 3.780
 2005 2.390 1.430 2.270 3.820 4.580 5.550 4.030 3.310 4.080 3.630 3.690 5.290
 2006 4.170 1.200 -0.260 1.300 0.830 0.070 -0.510 1.270 1.990 3.690 4.490 2.470
 2007 2.240 2.960 1.980 0.990 -0.200 -0.480 -0.990 -0.240 0.200 2.420 3.500 2.580
 2008 2.150 0.980 0.120 -1.870 -0.640 -0.590 -0.410 0.080 2.090 2.810 1.840 1.890
 2009 0.670 -2.790 -3.720 -4.030 -5.290 -3.600 0.110 0.330 0.450 2.560 2.530 1.010
 2010 1.980 3.960 5.010 5.300 6.110 4.170 3.840 4.190 4.920 6.110 6.320 7.800
 2011 7.010 3.300 1.370 0.160 0.960 1.870 0.970 0.780 2.240 3.320 3.360 4.470
 2012 3.130 1.330 -2.180 -1.230 -0.850 0.480 0.740 2.050 3.490 4.970 5.350 3.920
 2013 2.860 1.630 3.720 2.220 3.120 0.860 0.750 1.630 2.900 4.480 3.060 2.850
 2014 0.770 -1.920 -4.400 -3.680 -3.800 -4.290 -2.130 -0.340 1.800 3.180 3.100 1.350
 2015 -0.800 -1.780 -4.230 -5.650 -4.080 -4.130 -1.600 1.100 2.440 3.950 1.080 -0.580
 2016 -0.560 -0.660 -1.400 -1.580 0.090 -0.100 -0.140 1.090 2.110 2.650 3.570 2.870
 2017 1.690 0.820 -1.070 0.130 2.160 1.160 2.100 1.930 3.100 2.940 4.480 6.140
 2018 2.120 -0.220 0.560 -2.900 -4.720 -6.480 -4.720 -1.360 -0.780 0.990 -0.680 -1.830
 2019 -0.700 -0.030 -3.010 -3.540 -2.080 -1.350 -0.140 0.330 2.330 2.250 -0.020 -1.190
 2020 -1.870 -1.510 -0.490 0.190 -1.040 0.520 -0.590 0.290 1.900 3.770 2.920 3.600
 2021 3.390 1.970 0.160 -0.970 -2.290 -4.130 -4.120 -2.290 1.310 1.830 3.180 2.690
 2022 2.970 2.100 -1.270 -2.440 -0.240 -0.600 -1.570 -0.210 2.200 2.800 2.200 1.610
 2023 1.290 0.110 1.020 1.120 2.280 3.740 3.180 2.950 5.720 5.510 4.000 2.580
 2024 3.960 4.020 3.140 1.550 3.300 3.220 0.900 2.750 -99.000 -99.000 -99.000 -99.000
 -99.0
 SST AMM
 https://psl.noaa.gov/data/timeseries/month/AMM/
 orig from 
 https://www.aos.wisc.edu/dvimont/MModes/Data.html
