 1948 2008
 1948 0.249 -0.068 0.204 -0.371 -0.585 -0.363 -0.379 -0.360 -0.407 0.174 0.187 -0.171
 1949 -0.105 -0.078 -0.627 -0.014 -0.518 -0.580 0.126 0.612 0.495 0.202 -0.597 -0.363
 1950 -0.571 -1.106 -0.620 -0.230 -0.279 -0.219 -0.873 -0.631 -0.637 -0.350 -0.167 0.451
 1951 0.306 -0.438 0.298 1.184 0.775 1.146 1.918 0.826 0.148 0.231 -0.009 0.050
 1952 -0.373 0.258 0.778 0.300 0.784 1.679 1.592 1.618 1.366 1.126 0.999 1.744
 1953 1.747 1.423 0.701 1.294 1.105 0.990 0.519 0.049 0.452 0.243 0.697 0.440
 1954 0.685 0.293 0.351 -0.628 0.163 0.166 0.353 -0.292 -0.626 -0.284 -0.300 -0.021
 1955 0.785 0.893 0.603 0.735 1.035 0.875 1.558 1.385 1.031 1.197 1.481 1.144
 1956 1.438 1.206 0.505 0.605 0.007 -0.621 -0.316 -0.115 -0.686 -0.117 -0.236 -0.133
 1957 -0.689 -0.943 -0.380 -0.613 -0.778 -0.263 0.162 0.657 0.746 0.653 0.157 0.062
 1958 0.313 1.463 2.006 1.840 1.173 1.117 -0.085 0.016 -0.049 -0.162 0.447 0.032
 1959 0.384 0.202 -0.640 -0.830 -0.379 -0.538 -0.462 -0.120 0.326 -0.265 -0.386 -0.631
 1960 -0.353 0.149 0.164 0.114 0.512 0.468 0.210 0.524 0.079 0.227 -0.247 -0.431
 1961 -0.246 -0.215 0.379 0.838 0.748 0.283 0.266 0.469 -0.122 -0.415 0.230 0.700
 1962 0.361 0.186 0.647 0.449 0.252 -0.169 0.419 -0.256 -0.067 0.525 0.552 1.356
 1963 0.816 0.522 -0.104 -0.005 -0.472 -0.517 -0.723 -1.029 -1.200 -0.129 -0.061 -0.101
 1964 -0.130 0.440 0.221 -0.815 -0.246 -0.240 -0.529 -0.384 -0.550 -0.494 -0.165 -0.117
 1965 -0.332 -0.005 0.304 0.117 0.083 -0.438 -0.828 -0.700 -0.452 -0.573 -0.901 -0.255
 1966 -0.168 0.693 0.513 0.824 -0.016 -0.553 -0.402 -0.177 -0.163 -0.253 0.050 0.428
 1967 0.642 0.221 -0.163 0.462 -0.343 -0.428 -0.425 -0.236 -0.126 -0.302 -0.544 -0.018
 1968 -0.167 -0.063 -0.059 -0.638 -0.629 -1.167 -1.674 -1.244 -1.287 -0.697 -0.472 -0.601
 1969 -0.142 0.539 1.198 0.146 -0.361 -0.894 -0.477 -1.079 -0.672 -0.981 -0.097 0.172
 1970 0.359 0.344 0.546 0.335 -0.173 -0.608 -0.978 -0.604 -1.020 -0.917 -0.724 -0.785
 1971 -0.505 -0.870 -0.871 -0.942 -0.844 -1.165 -0.936 -1.384 -1.292 -0.635 -0.621 -0.861
 1972 -1.607 -1.833 -1.876 -1.318 -2.036 -1.665 -1.261 -1.245 -1.160 -1.291 -1.368 -2.163
 1973 -2.113 -1.740 -1.538 -0.772 -0.949 -0.758 -0.820 -1.189 -1.059 -1.218 -1.013 -0.760
 1974 -2.008 -2.040 -2.549 -3.101 -2.992 -2.372 -2.274 -2.360 -2.981 -2.101 -1.802 -1.525
 1975 -1.308 -2.058 -2.009 -1.486 -1.701 -1.320 -0.687 -0.417 -0.849 -1.793 -1.633 -1.500
 1976 -1.049 -1.609 -2.093 -1.718 -1.860 -1.572 -0.871 0.188 -0.103 -1.091 -1.511 -1.882
 1977 -1.469 -1.430 -1.060 -0.921 -0.542 0.192 -0.156 -0.366 -0.823 -0.685 -0.570 -0.875
 1978 -0.472 0.171 0.081 -0.233 -0.351 -1.058 -0.892 -0.782 -0.288 -0.251 -0.162 -0.694
 1979 -0.455 0.097 -0.475 -0.232 0.017 0.514 0.380 -0.378 -0.048 -0.526 -0.314 -0.246
 1980 0.133 0.169 -0.247 0.579 0.922 0.645 -0.257 -0.549 -0.720 -0.534 -0.499 -0.124
 1981 0.307 0.154 1.124 0.501 0.353 0.220 -0.181 0.086 0.291 -0.147 0.180 1.049
 1982 0.530 -0.119 -0.570 -0.817 -0.332 -0.734 -0.983 -0.908 -0.982 -1.527 -1.629 -1.669
 1983 -1.321 -0.600 0.475 0.327 -0.000 -0.034 0.585 0.160 -0.636 -0.431 0.016 0.416
 1984 -0.064 -0.414 -0.582 -0.252 -0.017 -0.703 -0.659 -0.314 0.064 -0.984 -1.529 -1.543
 1985 -1.426 -1.105 -1.403 -1.705 -1.701 -0.519 -0.611 -1.428 -1.251 -1.256 -1.083 -1.330
 1986 -1.683 -1.702 -1.797 -2.002 -1.579 -1.520 -1.075 -1.214 -0.473 -1.055 -1.785 -2.033
 1987 -1.150 -0.862 0.045 0.343 0.445 0.964 0.929 1.289 0.628 -0.119 -0.230 0.393
 1988 0.029 -0.449 0.162 0.646 0.661 0.888 0.436 -0.504 -0.357 -0.360 -0.109 -0.038
 1989 -0.582 -0.688 -1.144 -1.540 -0.677 0.750 1.394 0.930 0.036 0.272 -0.408 0.060
 1990 -0.961 -1.135 -1.102 -0.702 0.128 -0.063 -0.200 0.187 0.665 0.587 0.284 0.164
 1991 -0.983 -0.714 -0.769 -0.960 -0.715 -0.846 -0.987 -0.750 0.286 -0.564 -0.239 -0.329
 1992 0.282 0.152 -0.040 -0.419 -0.573 -0.399 -0.761 -1.759 -1.756 -0.810 -0.814 -0.756
 1993 -0.753 -0.206 -0.326 -0.200 -0.419 -0.646 -1.221 -0.652 -0.539 -1.116 -1.358 -1.383
 1994 -1.439 -1.807 -1.270 -1.108 -1.340 -1.420 -1.841 -1.442 -1.042 0.386 0.168 -0.229
 1995 -0.004 0.321 0.153 0.835 1.807 2.011 1.681 0.974 0.634 0.843 1.129 0.928
 1996 1.310 0.751 0.453 0.946 0.415 -0.179 0.255 0.398 0.616 0.404 0.564 0.444
 1997 0.728 0.677 0.374 1.149 1.228 0.872 1.086 0.574 1.061 2.063 1.631 1.291
 1998 1.150 1.744 1.817 1.252 1.715 1.652 1.899 2.118 1.662 2.154 1.987 1.320
 1999 0.374 0.613 0.663 0.733 1.002 0.912 0.795 1.329 0.887 0.413 0.198 0.575
 2000 0.172 0.480 1.160 0.575 0.614 -0.042 0.521 0.810 0.994 0.308 0.684 0.491
 2001 0.735 0.626 0.710 0.579 0.695 1.445 1.166 1.362 1.938 1.555 1.865 1.805
 2002 2.021 1.441 0.857 0.016 -0.343 -0.904 -0.779 0.387 0.687 0.738 0.419 0.406
 2003 1.054 0.540 0.470 0.481 0.421 0.547 0.826 1.253 1.637 2.438 1.157 1.480
 2004 1.907 1.750 1.121 0.885 0.339 0.888 0.880 1.268 1.154 1.429 1.635 1.576
 2005 1.347 1.624 2.038 2.182 2.073 1.856 2.046 2.103 2.277 1.489 1.203 1.774
 2006 1.730 1.297 0.994 1.607 1.813 1.689 1.787 2.161 2.038 2.046 2.354 1.325
 2007 1.525 1.635 1.022 1.251 0.960 0.816 0.580 0.145 1.276 1.624 2.276 1.491
 2008 1.208 1.224 1.170 0.441 1.506 1.932 1.233 0.989 0.949 1.107 1.030 -9.000
 -9.0
 ATLTRI pattern
 psl noaa