 1948 2024
 1948 -99.99 -99.99 -99.99 -99.99 -99.99 -99.99 -99.99 -99.99 -99.99 -99.99 -99.99 -99.99
 1949 -99.99 -99.99 -99.99 -99.99 -99.99 -99.99 -99.99 -99.99 -99.99 -99.99 -99.99 -99.99
 1950 -1.38 -1.53 -1.80 -1.73 -1.18 -0.84 -1.26 -1.25 -1.49 -1.63 -1.70 -1.40
 1951 -1.10 -1.11 -0.58 -0.42 0.26 0.08 0.23 -0.26 -0.12 -0.22 -0.04 0.04
 1952 -0.04 -0.16 -0.34 -0.16 -0.25 -0.47 -0.77 -0.79 -0.37 -0.70 -0.54 -0.69
 1953 -0.34 -0.22 -0.29 -0.14 0.01 0.18 -0.05 -0.22 -0.46 -0.10 -0.11 0.03
 1954 0.04 -0.02 -0.35 -0.71 -0.71 -0.80 -1.08 -1.16 -1.27 -1.48 -1.16 -1.24
 1955 -0.91 -1.09 -1.23 -1.06 -1.10 -0.96 -0.86 -1.25 -1.35 -2.00 -2.00 -1.45
 1956 -1.28 -1.19 -1.10 -1.10 -0.91 -0.79 -1.04 -1.46 -1.42 -1.12 -0.81 -0.65
 1957 -0.61 -0.47 -0.45 -0.06 0.01 -0.38 -0.55 -0.04 -0.11 0.02 0.07 0.34
 1958 0.73 0.93 0.67 0.27 0.07 0.02 -0.06 -0.14 -0.15 0.01 -0.02 0.11
 1959 0.05 -0.21 -0.32 -0.18 -0.26 -0.45 -0.63 -0.54 -0.56 -0.44 -0.66 -0.51
 1960 -0.70 -0.75 -0.57 -0.62 -0.50 -0.64 -0.75 -0.72 -0.71 -0.60 -0.38 -0.13
 1961 -0.35 -0.41 -0.53 -0.72 -0.64 -0.51 -0.71 -0.87 -0.70 -0.93 -0.61 -0.54
 1962 -0.66 -0.66 -0.56 -0.59 -0.80 -0.59 -0.77 -0.81 -0.85 -0.82 -0.80 -0.80
 1963 -0.86 -0.72 -0.35 -0.34 -0.51 -0.65 -0.28 0.00 0.24 0.23 0.01 0.00
 1964 0.09 -0.15 -0.64 -0.61 -0.71 -1.03 -1.11 -1.37 -1.71 -1.62 -1.74 -1.60
 1965 -1.09 -0.76 -0.75 -0.92 -0.41 -0.09 0.01 0.12 0.12 0.51 0.41 0.33
 1966 0.38 0.44 0.76 0.17 -0.06 -0.04 0.08 -0.21 -0.19 -0.08 -0.05 -0.33
 1967 -0.72 -0.78 -0.50 -0.19 -0.15 -0.39 -0.38 -0.47 -0.56 -0.43 -0.36 -0.39
 1968 -0.46 -0.47 -0.57 -0.46 -0.60 -0.09 -0.34 -0.21 -0.19 -0.07 0.40 0.63
 1969 0.92 1.08 0.63 0.40 0.33 -0.04 -0.17 0.13 0.40 0.56 0.49 0.39
 1970 0.21 0.29 0.01 -0.05 -0.09 -0.35 -0.46 -0.90 -1.11 -1.17 -1.13 -1.50
 1971 -1.67 -1.38 -1.31 -1.17 -1.07 -1.14 -1.20 -1.25 -1.46 -1.32 -0.98 -0.68
 1972 -0.69 -0.31 -0.16 0.11 0.11 0.10 0.13 -0.04 0.11 0.40 0.53 0.67
 1973 0.67 0.40 0.01 -0.37 -0.43 -0.82 -1.05 -1.35 -1.49 -1.65 -1.92 -2.04
 1974 -2.02 -1.48 -1.15 -1.20 -1.14 -1.08 -1.16 -0.82 -1.05 -1.23 -1.14 -1.12
 1975 -0.71 -0.55 -0.86 -0.99 -1.15 -1.43 -1.53 -1.76 -2.05 -2.21 -2.11 -2.15
 1976 -1.74 -1.30 -0.98 -0.82 -0.77 -0.76 -0.72 -0.62 -0.50 -0.03 0.09 -0.25
 1977 -0.10 -0.15 -0.23 -0.23 -0.35 -0.17 -0.06 -0.08 0.19 0.28 0.32 0.41
 1978 0.40 0.19 -0.14 -0.59 -0.40 -0.56 -0.62 -0.59 -0.48 -0.56 -0.39 -0.17
 1979 0.04 -0.11 -0.02 -0.02 -0.18 -0.24 -0.20 -0.45 -0.29 -0.18 0.12 0.29
 1980 0.37 0.36 0.19 0.14 0.26 0.16 0.02 -0.29 -0.27 -0.02 -0.02 -0.03
 1981 -0.13 -0.17 -0.17 -0.52 -0.56 -0.59 -0.73 -0.71 -0.40 -0.38 -0.31 -0.09
 1982 -0.03 -0.18 0.07 0.33 0.39 0.45 0.13 0.09 0.33 0.67 0.57 0.51
 1983 0.39 0.33 0.23 0.04 0.16 -0.00 -0.27 -0.40 -0.78 -0.89 -1.01 -0.83
 1984 -0.83 -0.72 -0.85 -0.88 -0.78 -0.78 -0.59 -0.62 -0.54 -0.74 -0.91 -0.95
 1985 -0.64 -0.71 -1.01 -1.14 -0.98 -0.95 -0.72 -0.58 -0.48 -0.40 -0.35 -0.24
 1986 -0.25 -0.23 -0.16 -0.34 -0.33 -0.19 -0.08 0.06 0.22 0.23 0.38 0.32
 1987 0.30 0.50 0.47 0.08 0.19 0.40 0.49 0.59 0.78 0.82 0.82 0.76
 1988 0.65 0.45 0.14 -0.36 -0.62 -0.88 -0.94 -0.77 -0.92 -1.64 -1.73 -1.77
 1989 -1.72 -1.53 -1.16 -1.01 -0.79 -0.92 -0.85 -0.77 -0.50 -0.45 -0.54 -0.12
 1990 0.16 0.38 0.31 0.12 -0.06 -0.05 0.02 0.13 0.22 0.39 0.50 0.65
 1991 0.58 0.54 0.34 0.34 0.46 0.38 0.45 0.47 0.33 0.70 0.69 0.81
 1992 0.62 0.89 0.64 0.46 0.31 0.27 0.31 0.14 0.10 -0.00 -0.01 0.07
 1993 0.22 0.10 0.05 0.04 0.07 0.04 0.07 0.13 0.30 0.02 0.09 0.18
 1994 0.11 -0.06 0.05 0.11 0.23 0.26 0.50 0.71 0.54 0.69 0.75 0.92
 1995 0.72 0.71 0.71 0.52 0.39 0.21 0.03 -0.14 -0.35 -0.45 -0.59 -0.50
 1996 -0.47 -0.52 -0.40 -0.46 -0.45 -0.48 -0.45 -0.32 -0.37 -0.31 -0.23 -0.19
 1997 0.01 0.19 0.24 0.59 0.53 0.26 0.47 0.50 0.68 0.58 0.69 0.57
 1998 0.64 0.59 0.30 -0.07 -0.26 -0.71 -0.78 -1.02 -1.02 -1.34 -1.45 -1.48
 1999 -1.68 -1.64 -1.35 -1.21 -1.03 -1.01 -1.14 -1.10 -0.97 -0.97 -1.27 -1.36
 2000 -1.33 -1.47 -1.43 -1.43 -1.29 -0.91 -0.73 -0.62 -0.49 -0.65 -0.77 -0.95
 2001 -0.89 -0.82 -0.71 -0.59 -0.39 -0.17 0.09 0.05 0.21 0.19 0.08 0.12
 2002 0.40 0.46 0.25 0.41 0.60 0.64 0.63 0.64 0.61 0.65 0.85 0.84
 2003 0.57 0.69 0.60 0.33 -0.05 0.10 0.19 0.19 0.18 0.36 0.37 0.43
 2004 0.43 0.38 0.10 0.09 0.11 0.22 0.42 0.55 0.69 0.70 0.76 0.87
 2005 0.88 0.67 0.61 0.42 0.29 0.17 -0.11 -0.06 0.03 0.09 -0.14 -0.26
 2006 -0.50 -0.67 -0.59 -0.34 -0.06 0.06 0.20 0.42 0.63 0.69 0.92 0.92
 2007 0.65 0.46 0.34 0.10 -0.08 -0.07 -0.22 -0.31 -0.65 -0.85 -1.09 -1.12
 2008 -1.45 -1.58 -1.35 -1.16 -1.11 -1.01 -0.83 -0.75 -0.68 -0.59 -0.72 -0.81
 2009 -0.95 -0.85 -0.58 -0.26 -0.01 0.18 0.29 0.44 0.57 0.92 1.12 1.18
 2010 1.12 0.88 0.75 0.50 0.10 -0.31 -0.79 -1.25 -1.44 -1.61 -1.59 -1.45
 2011 -1.40 -1.05 -0.81 -0.74 -0.57 -0.51 -0.48 -0.63 -0.76 -0.90 -0.90 -1.01
 2012 -1.02 -0.91 -0.77 -0.59 -0.52 -0.39 -0.26 0.08 0.21 0.31 0.30 0.06
 2013 -0.08 -0.19 -0.37 -0.27 -0.23 -0.20 -0.24 -0.18 -0.11 -0.04 0.04 -0.06
 2014 -0.18 0.07 0.28 0.35 0.53 0.39 0.14 0.25 0.39 0.48 0.73 0.76
 2015 0.75 0.87 0.90 0.98 0.94 0.92 0.88 0.99 1.06 1.08 1.44 1.37
 2016 1.22 1.22 1.07 0.74 0.53 0.39 0.15 -0.06 -0.25 -0.44 -0.46 -0.19
 2017 -0.16 -0.09 -0.03 0.06 0.19 0.32 0.26 0.08 -0.04 -0.20 -0.40 -0.52
 2018 -0.44 -0.35 -0.22 0.02 0.16 0.24 0.23 0.45 0.58 0.95 0.92 0.91
 2019 0.76 0.71 0.64 0.52 0.54 0.61 0.76 0.65 0.58 0.75 0.76 0.87
 2020 0.85 0.78 0.75 0.52 0.09 0.12 -0.01 -0.31 -0.55 -0.80 -0.90 -1.00
 2021 -1.05 -0.96 -0.65 -0.43 -0.21 -0.14 -0.23 -0.28 -0.54 -0.73 -0.68 -0.74
 2022 -0.37 -0.37 -0.69 -0.83 -0.80 -0.70 -0.98 -1.09 -1.17 -1.12 -0.99 -0.84
 2023 -0.66 -0.55 -0.25 0.13 0.30 0.58 0.70 0.93 1.12 1.23 1.51 1.50
 2024 1.55 1.26 0.99 0.92 0.79 0.71 0.51 0.44 -99.99 -99.99 -99.99 -99.99
 -99.99
 Nino 4 Anom Index using ersstv5 from CPC
 https://psl.noaa.gov/data/climateindices/list/for info
