 1950 2020
 1950 -99.99 -0.49 -0.49 -0.46 -0.35 -0.42 -0.41 -0.47 -0.50 -0.45 -0.29 -0.09
 1951 -0.08 -0.12 -0.08 0.03 0.08 0.03 -0.05 -0.12 -0.22 -0.27 -0.35 -0.41
 1952 -0.42 -0.35 -0.24 -0.20 -0.12 -0.11 -0.15 -0.21 -0.22 -0.12 0.00 0.17
 1953 0.23 0.01 -0.11 -0.17 -0.03 -0.03 -0.03 -0.08 -0.10 -0.09 -0.06 -0.05
 1954 -0.17 -0.33 -0.46 -0.38 -0.31 -0.31 -0.46 -0.56 -0.61 -0.57 -0.58 -0.41
 1955 -0.33 -0.25 -0.25 -0.26 -0.25 -0.25 -0.20 -0.14 -0.12 -0.06 0.00 0.11
 1956 0.09 -0.06 -0.19 -0.34 -0.43 -0.54 -0.60 -0.62 -0.54 -0.41 -0.23 -0.28
 1957 -0.43 -0.58 -0.57 -0.55 -0.52 -0.48 -0.33 -0.23 -0.13 -0.09 -0.04 0.05
 1958 0.27 0.52 0.74 0.73 0.59 0.36 0.18 0.04 -0.04 -0.10 -0.15 -0.07
 1959 -0.03 -0.13 -0.28 -0.43 -0.47 -0.49 -0.49 -0.48 -0.48 -0.45 -0.45 -0.40
 1960 -0.27 -0.16 -0.10 -0.12 -0.10 -0.11 -0.19 -0.26 -0.31 -0.28 -0.29 -0.25
 1961 -0.31 -0.29 -0.24 -0.17 -0.23 -0.34 -0.39 -0.34 -0.31 -0.33 -0.26 -0.10
 1962 -0.01 0.07 0.12 0.17 0.06 -0.03 -0.16 -0.21 -0.26 -0.14 0.03 0.25
 1963 0.32 0.27 0.18 0.01 -0.12 -0.24 -0.28 -0.31 -0.33 -0.29 -0.29 -0.23
 1964 -0.18 -0.07 -0.13 -0.16 -0.19 -0.18 -0.29 -0.47 -0.53 -0.51 -0.48 -0.49
 1965 -0.50 -0.43 -0.37 -0.37 -0.46 -0.47 -0.51 -0.52 -0.51 -0.45 -0.34 -0.24
 1966 -0.02 0.17 0.34 0.26 0.13 -0.02 -0.13 -0.18 -0.25 -0.18 -0.14 -0.02
 1967 -0.10 -0.18 -0.24 -0.32 -0.38 -0.47 -0.48 -0.45 -0.44 -0.47 -0.52 -0.53
 1968 -0.42 -0.29 -0.24 -0.31 -0.52 -0.62 -0.64 -0.56 -0.44 -0.30 -0.17 0.01
 1969 0.22 0.55 0.68 0.68 0.45 0.31 0.17 0.11 0.04 0.08 0.13 0.36
 1970 0.45 0.59 0.53 0.45 0.25 0.07 -0.11 -0.25 -0.27 -0.25 -0.21 -0.13
 1971 -0.12 -0.20 -0.39 -0.57 -0.74 -0.78 -0.75 -0.59 -0.47 -0.36 -0.38 -0.40
 1972 -0.47 -0.54 -0.58 -0.67 -0.64 -0.62 -0.58 -0.58 -0.50 -0.40 -0.40 -0.44
 1973 -0.40 -0.34 -0.25 -0.20 -0.18 -0.18 -0.24 -0.28 -0.39 -0.41 -0.38 -0.35
 1974 -0.45 -0.67 -0.92 -1.10 -1.12 -0.94 -0.78 -0.66 -0.69 -0.68 -0.69 -0.53
 1975 -0.49 -0.47 -0.58 -0.73 -0.81 -0.79 -0.63 -0.57 -0.59 -0.70 -0.64 -0.52
 1976 -0.49 -0.63 -0.72 -0.82 -0.80 -0.80 -0.55 -0.31 -0.15 -0.18 -0.34 -0.40
 1977 -0.47 -0.39 -0.32 -0.25 -0.23 -0.34 -0.41 -0.50 -0.52 -0.45 -0.42 -0.26
 1978 -0.14 -0.02 0.03 -0.04 -0.15 -0.33 -0.43 -0.47 -0.41 -0.31 -0.27 -0.14
 1979 -0.01 0.11 0.14 0.12 0.14 0.11 -0.01 -0.15 -0.23 -0.20 -0.08 0.13
 1980 0.28 0.27 0.26 0.24 0.24 0.07 -0.06 -0.13 -0.11 -0.15 -0.21 -0.13
 1981 -0.08 0.16 0.20 0.24 0.05 -0.07 -0.22 -0.28 -0.32 -0.22 -0.09 0.08
 1982 0.05 -0.08 -0.22 -0.21 -0.22 -0.24 -0.36 -0.42 -0.51 -0.56 -0.63 -0.55
 1983 -0.35 0.02 0.31 0.39 0.27 0.14 0.01 -0.07 -0.15 -0.08 -0.01 0.01
 1984 -0.06 -0.18 -0.19 -0.17 -0.23 -0.25 -0.30 -0.29 -0.41 -0.52 -0.57 -0.49
 1985 -0.43 -0.54 -0.68 -0.84 -0.74 -0.55 -0.32 -0.26 -0.29 -0.29 -0.30 -0.38
 1986 -0.48 -0.58 -0.64 -0.66 -0.65 -0.57 -0.54 -0.48 -0.46 -0.48 -0.63 -0.60
 1987 -0.52 -0.20 0.03 0.24 0.39 0.40 0.39 0.22 0.25 0.24 0.34 0.26
 1988 0.14 0.03 0.13 0.23 0.28 0.25 0.12 -0.03 -0.21 -0.26 -0.30 -0.29
 1989 -0.34 -0.51 -0.67 -0.75 -0.61 -0.32 -0.07 -0.01 -0.07 -0.17 -0.12 -0.13
 1990 -0.11 -0.13 -0.04 0.02 0.02 -0.00 -0.00 0.07 0.13 0.15 0.10 0.00
 1991 -0.13 -0.30 -0.41 -0.54 -0.57 -0.58 -0.50 -0.37 -0.29 -0.25 -0.30 -0.21
 1992 -0.10 -0.13 -0.24 -0.35 -0.33 -0.28 -0.30 -0.31 -0.32 -0.30 -0.28 -0.26
 1993 -0.27 -0.28 -0.25 -0.16 -0.07 -0.09 -0.15 -0.23 -0.25 -0.33 -0.44 -0.54
 1994 -0.60 -0.62 -0.60 -0.54 -0.48 -0.40 -0.30 -0.29 -0.28 -0.26 -0.24 -0.18
 1995 -0.13 -0.03 0.06 0.18 0.26 0.32 0.34 0.34 0.30 0.31 0.35 0.51
 1996 0.50 0.42 0.31 0.23 0.19 0.11 0.03 -0.00 -0.08 -0.14 -0.12 0.04
 1997 0.20 0.26 0.26 0.25 0.26 0.16 -0.02 -0.09 -0.03 0.12 0.22 0.28
 1998 0.47 0.58 0.67 0.56 0.48 0.39 0.37 0.31 0.28 0.22 0.20 0.09
 1999 -0.11 -0.32 -0.38 -0.31 -0.21 -0.15 -0.09 -0.02 0.04 0.05 0.01 -0.06
 2000 -0.13 -0.16 -0.14 -0.15 -0.23 -0.24 -0.21 -0.16 -0.16 -0.24 -0.33 -0.33
 2001 -0.27 -0.11 -0.07 -0.03 -0.03 0.03 0.05 0.08 0.13 0.24 0.37 0.57
 2002 0.61 0.51 0.25 0.00 -0.14 -0.22 -0.18 -0.15 -0.02 0.01 0.01 0.03
 2003 -0.00 0.01 -0.02 0.01 0.00 0.05 0.20 0.34 0.51 0.45 0.41 0.36
 2004 0.49 0.47 0.38 0.19 0.12 0.14 0.23 0.35 0.41 0.46 0.44 0.45
 2005 0.38 0.47 0.57 0.75 0.75 0.68 0.53 0.46 0.38 0.37 0.42 0.47
 2006 0.39 0.19 0.16 0.25 0.37 0.33 0.30 0.30 0.40 0.49 0.45 0.42
 2007 0.40 0.42 0.44 0.31 0.19 0.04 -0.02 -0.06 -0.05 -0.02 -0.01 0.01
 2008 0.03 0.08 0.11 0.10 0.09 0.09 0.11 0.20 0.26 0.23 0.14 0.05
 2009 -0.12 -0.29 -0.40 -0.38 -0.25 -0.01 0.18 0.26 0.27 0.27 0.29 0.39
 2010 0.57 0.83 1.04 1.13 1.02 0.85 0.69 0.60 0.54 0.51 0.61 0.79
 2011 0.81 0.64 0.43 0.33 0.37 0.34 0.33 0.23 0.16 0.07 -0.00 -0.05
 2012 -0.08 -0.15 -0.17 -0.10 0.00 0.15 0.24 0.40 0.48 0.52 0.46 0.44
 2013 0.43 0.46 0.48 0.53 0.41 0.29 0.22 0.22 0.35 0.28 0.19 0.10
 2014 0.01 -0.19 -0.23 -0.17 -0.05 0.02 0.11 0.21 0.34 0.34 0.26 0.18
 2015 0.09 -0.05 -0.18 -0.16 -0.11 0.01 0.11 0.25 0.41 0.40 0.34 0.35
 2016 0.37 0.34 0.25 0.24 0.28 0.37 0.40 0.34 0.28 0.31 0.31 0.41
 2017 0.29 0.23 0.22 0.38 0.51 0.50 0.48 0.46 0.44 0.41 0.42 0.44
 2018 0.17 0.02 -0.17 -0.25 -0.42 -0.46 -0.31 -0.12 -0.01 -0.03 -0.03 -0.07
 2019 -0.04 -0.09 -0.09 -0.09 -0.04 0.05 0.11 0.15 0.15 0.19 0.15 0.20
 2020 0.40 0.40 -99.99 -99.99 -99.99 -99.99 -99.99 -99.99 -99.99 -99.99 -99.99 -99.99
 -99.99
 NTA_ersst 
 produced at https://psl.noaa.gov/forecasts/sstlim/
 5N-17N; central Atl 
 At NOAA PSL. Please cite forecast pubs
 and acquired at website YYYY/MM/DD
 SST is NOAA ERSST V3
