 1948 2024
 1948 -0.22 -0.12 0.04 -0.21 -0.40 -0.64 -0.40 -0.53 -0.41 -0.42 -0.35 -0.21
 1949 -0.19 0.01 -0.01 0.22 0.08 0.05 0.16 0.21 0.23 0.04 0.02 -0.16
 1950 0.08 0.15 0.12 -0.17 -0.34 -0.23 -0.16 -0.34 -0.51 -0.54 -0.46 -0.92
 1951 -0.98 -0.70 -0.87 -0.51 -0.37 -0.26 -0.11 0.05 0.05 0.03 -0.08 0.00
 1952 0.06 -0.01 -0.08 -0.08 -0.19 0.07 -0.07 -0.01 -0.04 -0.08 0.00 -0.14
 1953 -0.15 -0.25 0.01 -0.29 -0.14 -0.10 -0.07 -0.06 0.04 0.03 -0.18 -0.41
 1954 -0.43 -0.50 -0.52 -0.40 -0.61 -0.57 -0.66 -0.39 -0.25 -0.14 -0.12 -0.23
 1955 -0.42 -0.60 -0.45 -0.52 -0.34 -0.44 -0.27 -0.46 -0.41 -0.28 -0.20 -0.57
 1956 -0.50 -0.69 -0.57 -0.73 -0.45 -0.43 -0.26 -0.19 -0.19 -0.44 -0.43 -0.49
 1957 -0.37 -0.11 -0.07 -0.03 -0.26 -0.11 -0.31 -0.21 -0.35 -0.38 -0.26 -0.16
 1958 -0.26 -0.26 -0.57 -0.63 -1.07 -1.06 -0.51 -0.64 -0.63 -0.49 -0.39 -0.02
 1959 0.04 0.05 0.28 0.20 -0.17 -0.14 -0.24 -0.20 -0.10 -0.13 -0.22 -0.23
 1960 -0.33 -0.41 -0.09 -0.22 0.01 -0.23 0.08 -0.02 -0.05 -0.10 0.01 0.00
 1961 -0.00 -0.12 -0.02 -0.10 0.03 -0.10 -0.21 -0.19 0.03 -0.02 -0.06 -0.12
 1962 -0.08 -0.16 -0.11 -0.01 0.18 0.08 -0.09 -0.03 -0.08 0.03 0.01 -0.19
 1963 -0.05 0.01 0.27 0.21 0.42 0.45 0.43 0.45 0.41 0.45 0.69 0.77
 1964 0.65 0.31 0.33 0.06 -0.22 -0.14 -0.20 -0.21 -0.68 -0.79 -0.63 -0.76
 1965 -0.39 -0.08 0.11 0.10 0.15 -0.17 -0.39 -0.21 -0.03 -0.17 -0.30 -0.25
 1966 -0.19 -0.28 -0.39 0.08 0.13 0.62 0.28 -0.06 -0.07 -0.05 0.21 0.60
 1967 0.30 0.30 -0.03 -0.20 -0.37 -0.61 -0.62 -0.40 -0.35 -0.61 -0.40 -0.13
 1968 -0.03 -0.24 -0.26 -0.01 -0.01 0.08 0.24 0.20 0.29 0.44 0.49 0.50
 1969 0.32 0.53 0.38 0.35 0.20 -0.05 -0.15 0.01 -0.09 -0.06 -0.07 -0.19
 1970 -0.34 -0.26 -0.20 -0.28 -0.19 -0.33 -0.11 -0.24 -0.22 -0.39 -0.20 -0.34
 1971 -0.01 0.02 -0.06 0.09 0.25 0.17 -0.23 -0.20 -0.16 -0.38 -0.68 -0.79
 1972 -0.08 -0.06 -0.18 0.03 -0.03 0.09 0.25 0.26 0.23 0.29 0.44 0.89
 1973 0.79 0.72 0.59 0.76 0.93 0.75 0.67 0.58 0.75 0.67 0.54 0.40
 1974 0.34 0.14 0.15 0.36 0.49 0.43 0.58 0.42 0.14 0.11 0.25 0.11
 1975 -0.13 -0.19 -0.15 -0.11 0.04 0.17 0.02 -0.02 -0.24 -0.18 -0.03 -0.34
 1976 -0.41 -0.40 -0.48 -0.67 -0.70 -0.60 -0.67 -0.48 -0.32 -0.35 -0.45 -0.21
 1977 -0.19 -0.00 0.00 -0.03 -0.05 -0.09 -0.14 0.01 0.03 -0.09 -0.08 -0.07
 1978 -0.19 -0.29 -0.45 -0.65 -0.64 -0.47 -0.08 -0.20 -0.35 -0.38 -0.43 -0.16
 1979 -0.16 -0.24 -0.31 0.01 0.07 0.10 0.14 0.27 0.29 0.05 0.06 -0.02
 1980 -0.15 -0.34 -0.26 -0.11 -0.04 -0.08 -0.06 0.03 0.11 -0.03 -0.25 -0.59
 1981 -0.27 -0.47 -0.64 -0.52 -0.40 -0.22 -0.23 0.12 0.20 0.35 0.26 0.10
 1982 0.03 -0.20 -0.21 -0.35 -0.37 -0.45 -0.44 -0.57 -0.31 -0.11 -0.28 -0.17
 1983 0.33 0.37 -0.14 -0.25 -0.45 -0.45 -0.31 -0.08 0.04 -0.08 0.06 0.39
 1984 0.68 0.65 0.79 0.50 0.26 0.46 0.55 0.77 0.84 0.59 0.31 0.25
 1985 0.32 0.52 0.14 0.15 0.24 0.04 0.27 0.10 0.02 0.27 0.24 0.29
 1986 0.20 0.47 0.38 0.28 0.26 0.41 0.19 0.21 0.30 0.14 -0.17 0.02
 1987 0.02 0.08 0.16 0.04 0.28 0.42 0.50 0.43 0.32 0.42 0.63 0.39
 1988 0.63 0.66 0.77 0.59 0.71 0.73 0.46 0.50 0.30 0.37 0.14 0.19
 1989 0.41 0.23 0.35 0.29 0.33 0.31 0.26 0.39 0.21 0.28 -0.06 -0.25
 1990 -0.34 0.13 0.32 0.35 -0.06 0.08 -0.11 -0.13 -0.07 0.10 0.17 0.22
 1991 0.12 0.06 0.14 0.31 0.49 0.44 0.05 -0.33 -0.36 -0.36 -0.34 -0.08
 1992 -0.27 -0.26 -0.40 -0.57 -0.66 -0.80 -0.60 -0.66 -0.56 -0.52 -0.79 -0.36
 1993 -0.25 -0.13 -0.09 0.20 0.03 -0.03 0.05 0.04 0.44 0.69 0.75 0.50
 1994 0.32 0.12 0.24 0.18 0.11 -0.18 -0.26 -0.17 -0.15 -0.05 0.08 0.20
 1995 0.40 0.61 0.74 0.61 0.59 0.64 0.35 -0.07 -0.04 -0.05 0.12 0.00
 1996 0.18 0.43 0.47 0.65 0.77 0.87 0.66 0.35 0.13 0.12 0.12 -0.06
 1997 -0.22 -0.34 -0.47 -0.50 -0.54 -0.67 -0.27 -0.09 0.21 0.69 0.79 1.03
 1998 0.72 0.74 0.69 0.54 0.54 0.66 0.85 0.59 0.41 0.21 0.32 0.11
 1999 0.13 0.05 0.33 0.45 0.53 0.49 0.64 0.55 0.24 0.28 0.33 0.36
 2000 0.21 0.39 0.40 0.37 0.29 0.20 0.15 0.20 0.02 0.10 0.07 -0.01
 2001 0.16 0.17 0.29 0.38 0.47 0.36 0.15 0.14 0.11 0.20 0.16 0.01
 2002 0.14 -0.06 0.29 0.31 0.49 0.33 0.47 0.01 -0.08 0.14 -0.07 0.35
 2003 0.56 0.57 0.63 0.42 0.37 0.10 0.40 0.49 0.49 0.53 0.55 0.56
 2004 0.41 0.22 -0.01 -0.26 -0.12 -0.08 0.08 0.22 0.33 0.14 0.24 0.43
 2005 0.61 0.49 0.61 0.29 -0.06 -0.26 -0.32 0.01 -0.09 -0.00 -0.07 -0.02
 2006 0.04 0.23 0.41 0.31 0.24 0.41 0.30 0.33 0.27 0.23 0.08 0.32
 2007 0.24 0.21 0.04 0.24 0.28 0.43 0.23 0.15 0.27 0.11 0.10 0.20
 2008 0.19 0.36 0.60 0.64 0.82 0.70 0.66 0.51 0.28 0.27 0.31 0.41
 2009 0.45 0.35 0.54 0.52 0.79 0.59 0.39 0.24 0.19 0.45 0.30 0.70
 2010 0.79 0.68 0.89 0.68 0.62 0.85 0.60 0.48 0.23 0.43 0.40 0.41
 2011 0.45 0.59 0.72 0.49 0.30 0.20 0.27 0.20 0.24 0.28 -0.05 -0.48
 2012 -0.32 -0.51 -0.08 -0.33 -0.04 0.04 -0.03 -0.08 0.02 0.03 0.03 0.18
 2013 0.39 0.25 0.26 0.35 0.48 0.28 0.23 0.25 0.03 0.04 -0.07 0.11
 2014 0.11 0.22 0.22 0.23 0.48 0.47 0.17 0.24 0.26 0.16 -0.32 -0.12
 2015 0.43 0.42 0.23 0.36 0.46 0.38 0.07 -0.11 -0.04 0.28 0.37 0.70
 2016 0.81 0.59 0.60 0.39 0.35 0.68 0.63 0.52 0.26 0.46 0.28 0.67
 2017 0.58 0.09 0.29 0.40 0.47 0.57 0.35 0.59 0.27 0.42 0.20 0.17
 2018 0.62 -0.01 0.17 0.28 0.28 0.46 0.38 0.41 0.36 0.53 0.39 0.66
 2019 0.75 0.68 1.02 0.65 0.65 0.58 0.50 0.41 0.48 0.47 1.06 1.06
 2020 1.28 0.84 0.66 0.72 0.88 0.60 0.55 0.50 0.24 0.39 0.12 -0.11
 2021 0.21 -0.06 0.14 0.37 0.76 0.89 1.11 0.92 0.58 0.65 0.50 0.26
 2022 0.47 0.73 0.57 0.46 0.36 0.61 0.34 0.38 0.35 0.52 0.51 0.60
 2023 0.82 0.55 0.48 0.50 0.79 0.57 0.54 0.50 0.40 0.41 0.91 1.31
 2024 1.35 1.44 1.71 1.44 1.20 0.88 0.62 0.42 -99.99 -99.99 -99.99 -99.99
 -99.99
 TSAa
 NOAA/PSL
 https://psl.noaa.gov/
